param#0 	 param#1 	 dist 	  wgt 
0.129792 	-0.855517 	30.074061 	0.010000 	
0.118530 	-1.267800 	99.535550 	0.010000 	
0.824258 	-0.870732 	112.775233 	0.010000 	
0.082191 	-0.708647 	27.138710 	0.010000 	
0.529998 	-1.473788 	40.341632 	0.010000 	
0.505878 	-1.798691 	40.397016 	0.010000 	
0.195670 	-1.505844 	86.099928 	0.010000 	
0.770925 	-0.671067 	122.874039 	0.010000 	
0.870551 	-1.039149 	87.187458 	0.010000 	
0.648700 	-1.598037 	59.956430 	0.010000 	
0.493469 	-1.479800 	42.981255 	0.010000 	
0.106309 	-1.286351 	157.281105 	0.010000 	
0.733214 	-0.574762 	119.471216 	0.010000 	
0.372055 	-1.904438 	72.358406 	0.010000 	
0.676318 	-1.040382 	60.632318 	0.010000 	
0.920156 	-0.823658 	144.374617 	0.010000 	
0.490223 	-0.910609 	26.650467 	0.010000 	
0.919582 	-1.323689 	90.656261 	0.010000 	
0.579230 	-1.241437 	49.304424 	0.010000 	
0.256345 	-1.108890 	42.970070 	0.010000 	
0.512530 	-0.630916 	64.365219 	0.010000 	
0.209890 	-1.357061 	65.942906 	0.010000 	
0.158921 	-0.555016 	51.936015 	0.010000 	
0.720280 	-1.117432 	81.977524 	0.010000 	
0.348019 	-0.644560 	50.875407 	0.010000 	
0.738646 	-1.168174 	84.345251 	0.010000 	
0.717920 	-0.612887 	74.733769 	0.010000 	
0.977574 	-0.997215 	113.362845 	0.010000 	
0.313214 	-0.689327 	49.670748 	0.010000 	
0.393477 	-0.892938 	50.209718 	0.010000 	
0.246229 	-1.720125 	72.642142 	0.010000 	
0.615939 	-1.371251 	52.045921 	0.010000 	
0.983045 	-1.324269 	109.202746 	0.010000 	
0.617691 	-0.152685 	146.227651 	0.010000 	
0.273536 	-1.064093 	28.153651 	0.010000 	
0.231955 	-0.535137 	54.836546 	0.010000 	
0.634937 	-1.864539 	40.490186 	0.010000 	
0.725475 	-0.398375 	98.463956 	0.010000 	
0.325781 	-1.389049 	43.724386 	0.010000 	
0.712329 	-1.351643 	66.037232 	0.010000 	
0.346004 	-1.183474 	35.425899 	0.010000 	
0.316590 	-2.004436 	85.033170 	0.010000 	
0.427569 	-1.264933 	36.647457 	0.010000 	
0.082015 	-1.641149 	310.933400 	0.010000 	
0.686179 	-1.121962 	79.621379 	0.010000 	
0.199654 	-1.599704 	118.378149 	0.010000 	
0.462573 	-0.695857 	64.307744 	0.010000 	
0.144013 	-1.748412 	182.534755 	0.010000 	
0.818135 	-0.927786 	86.366661 	0.010000 	
0.453660 	-0.721242 	84.578768 	0.010000 	
0.950147 	-0.887319 	148.508827 	0.010000 	
0.143386 	-0.699582 	52.580391 	0.010000 	
0.059176 	-0.802511 	56.513926 	0.010000 	
0.430561 	-1.107481 	43.831888 	0.010000 	
0.069818 	-0.165978 	95.114976 	0.010000 	
0.482304 	-0.517732 	73.861958 	0.010000 	
0.898331 	-0.179351 	143.908584 	0.010000 	
0.568651 	-1.273988 	55.351929 	0.010000 	
0.254291 	-0.408632 	58.326386 	0.010000 	
0.820502 	-0.742873 	114.564350 	0.010000 	
0.667149 	-0.953521 	72.228826 	0.010000 	
0.500826 	-0.926853 	75.181937 	0.010000 	
0.549659 	-1.343033 	44.953460 	0.010000 	
0.152176 	-1.460014 	159.623469 	0.010000 	
0.173415 	-1.173141 	32.529108 	0.010000 	
0.208222 	-1.626258 	121.101678 	0.010000 	
0.105085 	0.053357 	159.348367 	0.010000 	
0.497247 	0.050471 	149.723501 	0.010000 	
0.441892 	-1.361714 	44.074707 	0.010000 	
0.320465 	-1.355807 	29.744971 	0.010000 	
0.545002 	-0.241031 	110.473334 	0.010000 	
0.611932 	-1.118695 	55.955578 	0.010000 	
0.466213 	-0.846277 	57.223391 	0.010000 	
0.309650 	-0.763273 	41.489967 	0.010000 	
0.158394 	-0.637133 	38.665873 	0.010000 	
0.108987 	-1.186761 	104.046517 	0.010000 	
0.468353 	-0.738969 	52.355050 	0.010000 	
0.264930 	-1.189277 	57.930528 	0.010000 	
0.178677 	-2.058024 	178.470080 	0.010000 	
0.413797 	-1.604735 	24.450522 	0.010000 	
0.226625 	-0.358884 	54.132847 	0.010000 	
0.342180 	-1.584176 	39.697646 	0.010000 	
0.123340 	-1.310697 	81.818903 	0.010000 	
0.132786 	-0.514400 	47.208139 	0.010000 	
0.081334 	-0.602381 	39.227161 	0.010000 	
0.199646 	-0.585797 	32.325380 	0.010000 	
0.534201 	-0.555508 	90.161961 	0.010000 	
0.895902 	-1.411347 	116.519584 	0.010000 	
0.183626 	-1.956509 	122.707554 	0.010000 	
0.331104 	-1.057563 	35.238579 	0.010000 	
0.255627 	-1.245092 	56.592981 	0.010000 	
0.277476 	0.151668 	195.053432 	0.010000 	
0.922721 	-0.971961 	140.833223 	0.010000 	
0.242058 	-0.321654 	32.531948 	0.010000 	
0.057593 	-0.745568 	37.409396 	0.010000 	
0.454090 	-1.516030 	20.986394 	0.010000 	
0.159476 	-1.611687 	121.554799 	0.010000 	
0.236591 	-1.132581 	58.200739 	0.010000 	
0.793294 	-2.454379 	95.561735 	0.010000 	
0.405957 	-1.821525 	36.458699 	0.010000 	
0.542882 	-0.415774 	101.227794 	0.009796 	
0.314403 	-0.367645 	95.615107 	0.010043 	
0.495601 	-1.588323 	33.318785 	0.009036 	
0.700776 	-2.190642 	43.860105 	0.001941 	
0.880976 	-1.085615 	101.348625 	0.012970 	
0.686696 	-1.471915 	66.117514 	0.010140 	
0.051708 	-0.902580 	59.794094 	0.019413 	
0.239192 	-0.604986 	54.347378 	0.014342 	
0.643214 	-1.032560 	79.691245 	0.014276 	
0.212543 	-1.269149 	49.902798 	0.015395 	
0.642043 	-1.260860 	56.797049 	0.012845 	
0.361728 	-0.450981 	84.135667 	0.011163 	
0.356861 	-1.071458 	27.601727 	0.015940 	
0.264791 	-1.333332 	52.127344 	0.014085 	
0.170561 	-0.436623 	54.899050 	0.012115 	
0.496061 	-0.898205 	52.453560 	0.015098 	
0.643504 	-1.345808 	57.019380 	0.011907 	
0.543495 	-1.409186 	43.275898 	0.011494 	
0.357576 	-1.534861 	37.336333 	0.010392 	
0.319430 	-1.298002 	32.130797 	0.014170 	
0.038095 	-0.742989 	38.484531 	0.018389 	
0.298460 	-1.115946 	61.055833 	0.016156 	
0.466568 	-1.316817 	23.333045 	0.013055 	
0.250165 	-0.927899 	29.166432 	0.017065 	
0.392752 	-2.107133 	63.693080 	0.002708 	
0.167613 	-1.249279 	77.239231 	0.016085 	
0.692752 	-1.229712 	79.201908 	0.012911 	
0.899813 	-2.588229 	77.656202 	0.000423 	
0.545443 	-0.758739 	67.438917 	0.014011 	
0.361830 	-1.766309 	56.259274 	0.006729 	
0.381026 	-0.828400 	70.788561 	0.015570 	
0.509135 	-1.562795 	31.955625 	0.009381 	
0.367844 	-0.413639 	70.595085 	0.010533 	
0.221332 	-1.273681 	54.509932 	0.015257 	
0.383344 	-2.579993 	35.043471 	0.000468 	
0.607029 	-2.725157 	45.096427 	0.000232 	
0.315003 	-1.675854 	39.538738 	0.008275 	
0.738052 	-1.673002 	73.430255 	0.007255 	
0.795353 	-3.096644 	91.293089 	0.000032 	
0.381742 	-0.937490 	28.940331 	0.015968 	
0.673900 	-0.378785 	94.374685 	0.008775 	
0.603684 	-1.172270 	60.967374 	0.013801 	
0.556266 	-2.660322 	31.641392 	0.000315 	
0.423530 	-1.250784 	39.135813 	0.014064 	
0.400974 	-0.645840 	43.901760 	0.013734 	
0.535738 	-1.584431 	34.858599 	0.008975 	
0.609483 	-1.945269 	34.003721 	0.004061 	
0.556381 	-2.447013 	41.417451 	0.000783 	
0.312727 	-1.267854 	73.620797 	0.014596 	
0.370585 	-1.790061 	32.122098 	0.006362 	
0.071106 	-0.293572 	73.492835 	0.010180 	
0.759184 	-1.866573 	88.245310 	0.004795 	
0.136342 	-0.520498 	33.872223 	0.013885 	
0.467311 	-1.882734 	40.855029 	0.004942 	
0.137699 	-0.445459 	40.704682 	0.012533 	
0.610092 	-2.106028 	53.642883 	0.002573 	
0.423111 	-1.088163 	40.694473 	0.015385 	
0.441988 	-1.301840 	28.267839 	0.013369 	
0.262608 	-0.160926 	87.830793 	0.006892 	
0.505236 	-2.120160 	40.469698 	0.002519 	
0.299848 	-1.030855 	65.637694 	0.016554 	
0.726419 	-0.682015 	98.033186 	0.012364 	
0.488874 	-1.498690 	33.861065 	0.010417 	
0.523756 	-0.960320 	53.071647 	0.015030 	
0.244555 	-0.262581 	78.364811 	0.008609 	
0.663648 	-3.070955 	33.989172 	0.000038 	
0.513710 	-1.847611 	26.865805 	0.005309 	
0.508758 	-3.033630 	41.535662 	0.000048 	
0.619920 	-0.410343 	90.477879 	0.009418 	
0.519184 	-2.198586 	39.774150 	0.001952 	
0.336319 	-1.746112 	74.003717 	0.007104 	
0.009878 	-0.707986 	38.499641 	0.018376 	
0.476686 	-1.475191 	42.784115 	0.010816 	
0.553388 	-0.549571 	62.336633 	0.011656 	
0.415999 	-0.114998 	98.561361 	0.005779 	
0.365509 	-1.724088 	31.724478 	0.007350 	
0.345763 	-1.577281 	53.214802 	0.009754 	
0.266078 	-1.826087 	61.535637 	0.006131 	
0.212163 	-0.941888 	34.924595 	0.017467 	
0.224478 	-1.033206 	36.448658 	0.017249 	
0.248405 	-1.224897 	41.027690 	0.015608 	
0.798777 	-0.395497 	102.600464 	0.008587 	
0.511820 	-0.855791 	62.580997 	0.014837 	
0.349727 	-2.282663 	83.822915 	0.001532 	
0.476126 	-0.687445 	70.186353 	0.013749 	
0.710785 	-3.520834 	37.210837 	0.000002 	
0.383836 	-3.148926 	67.323399 	0.000026 	
0.132793 	-0.807966 	30.378236 	0.017755 	
0.279254 	-0.699421 	50.196183 	0.015238 	
0.409504 	-1.549817 	37.777422 	0.009933 	
0.400695 	-1.115093 	28.461127 	0.015386 	
0.651495 	-1.292290 	44.052578 	0.012480 	
0.761915 	-1.795138 	87.832462 	0.005639 	
0.352934 	-1.864400 	30.327616 	0.005381 	
0.249648 	-1.840819 	102.196537 	0.005969 	
0.508109 	-1.258348 	44.688390 	0.013513 	
0.467089 	-0.411743 	91.747960 	0.010049 	
0.230575 	-0.256373 	80.321436 	0.008569 	
0.698754 	-2.776120 	41.605223 	0.000180 	
0.200637 	-1.338054 	56.002864 	0.014538 	
0.301726 	-2.043278 	69.930046 	0.003881 	
0.486593 	-1.092803 	47.662963 	0.013296 	
0.596377 	-0.852349 	48.485834 	0.014988 	
0.100220 	-0.810150 	35.485254 	0.016413 	
0.440056 	-2.255152 	40.412834 	0.001790 	
0.318128 	-1.772489 	53.772411 	0.006675 	
0.260373 	-0.804739 	29.727604 	0.013841 	
0.310950 	-1.630629 	30.115874 	0.008510 	
0.515968 	-0.946228 	69.799185 	0.014036 	
0.180679 	-0.646693 	71.047540 	0.013249 	
0.459273 	-1.000495 	28.186608 	0.013613 	
0.094175 	-0.646739 	41.737656 	0.014584 	
0.263179 	-1.477945 	32.729758 	0.011014 	
0.363515 	-0.973908 	48.866649 	0.013671 	
0.651331 	-2.021927 	55.796894 	0.003209 	
0.387426 	-0.891868 	37.579353 	0.013602 	
0.339770 	-1.468245 	51.291763 	0.010234 	
0.591018 	-2.208170 	60.287717 	0.001869 	
0.492382 	-1.596007 	36.220162 	0.007936 	
0.695306 	-2.028324 	66.890492 	0.003212 	
0.150543 	-0.691534 	24.895337 	0.014164 	
0.474026 	-1.218560 	48.899600 	0.012321 	
0.197344 	-0.584762 	41.723280 	0.012344 	
0.274513 	-1.133419 	52.474368 	0.013908 	
0.637177 	-1.647831 	39.117836 	0.007473 	
0.636988 	-1.307898 	49.744746 	0.012269 	
0.674491 	-1.521617 	52.512062 	0.009530 	
0.040723 	-0.833263 	39.033137 	0.018414 	
0.271172 	-0.654856 	41.573724 	0.012594 	
0.169290 	-0.917509 	42.574009 	0.015641 	
0.432724 	-0.483763 	68.675819 	0.010940 	
0.341630 	-0.598558 	59.402980 	0.011876 	
0.648841 	-2.099968 	56.389333 	0.002579 	
0.563079 	-1.682499 	47.930345 	0.006829 	
0.381998 	-1.277148 	40.127847 	0.011973 	
0.407021 	-1.758139 	39.694575 	0.006232 	
0.190361 	-1.006518 	33.740334 	0.015461 	
0.560489 	-1.447706 	56.654845 	0.009923 	
0.524323 	-1.784483 	46.139622 	0.005595 	
0.626045 	-1.469111 	43.553005 	0.009950 	
0.469691 	-0.696847 	42.296442 	0.013096 	
0.426797 	-0.494857 	60.122726 	0.011030 	
0.292945 	-0.472625 	59.066774 	0.010515 	
0.516120 	-0.690595 	50.178250 	0.013440 	
0.469877 	-0.442862 	63.209788 	0.010719 	
0.778508 	-1.824772 	58.866653 	0.005799 	
0.561874 	-1.856057 	54.737932 	0.004779 	
0.238811 	-0.489562 	62.982406 	0.010881 	
0.758344 	-1.993210 	62.996264 	0.003700 	
0.735334 	-1.930448 	61.543022 	0.004283 	
0.528132 	-0.482915 	68.428438 	0.011712 	
0.466903 	-1.366645 	69.171516 	0.010796 	
0.375379 	-1.775834 	37.400566 	0.006202 	
0.428991 	-1.062635 	36.181276 	0.013341 	
0.001208 	-0.820287 	55.651378 	0.019768 	
0.399511 	-1.699869 	37.603019 	0.006965 	
0.648558 	-2.230149 	58.975041 	0.001740 	
0.449034 	-0.714018 	39.307080 	0.013078 	
0.522675 	-1.981073 	35.111876 	0.003580 	
0.312374 	-1.995087 	46.381095 	0.004265 	
0.838864 	-2.228103 	71.122767 	0.001969 	
0.008798 	-0.699201 	41.351862 	0.017632 	
0.446290 	-1.996437 	35.466397 	0.003606 	
0.551264 	-1.515916 	40.758211 	0.008996 	
0.422417 	-1.366127 	60.952640 	0.010893 	
0.378733 	-1.627249 	33.110001 	0.007981 	
0.518539 	-2.460332 	37.628415 	0.000843 	
0.466946 	-2.616299 	43.338520 	0.000501 	
0.076188 	-0.399028 	68.218798 	0.010958 	
0.454312 	-1.595466 	36.061217 	0.008021 	
0.455482 	-1.051006 	43.052121 	0.013422 	
0.570850 	-1.754434 	34.706323 	0.005943 	
0.221969 	-1.667324 	73.094960 	0.009232 	
0.145611 	-0.735528 	50.412460 	0.014722 	
0.389022 	-1.481672 	17.847502 	0.009710 	
0.256516 	-0.555338 	46.825519 	0.011604 	
0.301039 	-0.694033 	42.447403 	0.012812 	
0.313843 	-0.465544 	45.410597 	0.010413 	
0.272912 	-0.851641 	36.687609 	0.013977 	
0.364054 	-1.500282 	32.083887 	0.009652 	
0.665336 	-2.077050 	44.540876 	0.002767 	
0.413945 	-1.003560 	54.948610 	0.013540 	
0.166797 	-0.567007 	34.150948 	0.012417 	
0.146952 	-0.585718 	42.573014 	0.012898 	
0.317567 	-1.293804 	21.917911 	0.012305 	
0.421879 	-1.616272 	27.202631 	0.007881 	
0.195296 	-0.943273 	24.115622 	0.015262 	
0.706998 	-1.852255 	63.609958 	0.005081 	
0.080617 	-0.530895 	37.711147 	0.013077 	
0.304159 	-1.524664 	40.919904 	0.009913 	
0.374018 	-0.927783 	30.312314 	0.013653 	
0.284923 	-1.976335 	64.374544 	0.004665 	
0.292966 	-0.952957 	21.566172 	0.014071 	
0.515596 	-1.188589 	38.129234 	0.012700 	
0.548488 	-0.813801 	53.920839 	0.014317 	
0.416252 	-1.283685 	46.776876 	0.011769 	
0.559831 	-0.845630 	73.247082 	0.014501 	
0.424323 	-1.173119 	50.123818 	0.012695 	
0.517847 	-2.535182 	23.648466 	0.000642 	
0.401434 	-0.930552 	46.757751 	0.013627 	
0.383958 	-1.518796 	34.115852 	0.009726 	
0.487777 	-1.511108 	36.981573 	0.009090 	
0.538097 	-1.293993 	45.653427 	0.012048 	
0.272723 	-1.364386 	46.251465 	0.013135 	
0.003063 	-0.322427 	25.148066 	0.008942 	
0.295080 	-1.455093 	45.533078 	0.011894 	
0.591175 	-1.918301 	51.686083 	0.004028 	
0.338778 	-1.074852 	44.939696 	0.013301 	
0.188389 	-0.945477 	43.206148 	0.015074 	
0.529422 	-2.015251 	25.402910 	0.003308 	
0.479124 	-1.658986 	46.911502 	0.007293 	
0.421309 	-0.870232 	36.768832 	0.013639 	
0.530852 	-1.565707 	35.968613 	0.008345 	
0.366330 	-1.458797 	25.406653 	0.010578 	
0.348615 	-1.491913 	36.911156 	0.010505 	
0.369385 	-0.690219 	43.007753 	0.012501 	
0.446838 	-1.758273 	18.089564 	0.006353 	
0.231409 	-1.224063 	37.034282 	0.014831 	
0.330102 	-1.530810 	48.215506 	0.010430 	
0.438248 	-1.483944 	34.992626 	0.009618 	
0.330210 	-1.392084 	44.325177 	0.011737 	
0.303741 	-0.537166 	39.742541 	0.010748 	
0.521471 	-1.943974 	34.395764 	0.003969 	
0.301880 	-0.718655 	43.252311 	0.012300 	
0.312025 	-1.449509 	34.507799 	0.011576 	
0.644682 	-2.871525 	26.806245 	0.000134 	
0.430800 	-0.814211 	38.795335 	0.013712 	
0.220778 	-0.533205 	49.930021 	0.010482 	
0.041361 	-0.860644 	46.920141 	0.019163 	
0.509004 	-1.299587 	48.006117 	0.011741 	
0.341414 	-0.830037 	29.870769 	0.013015 	
0.425908 	-1.752086 	37.411391 	0.006611 	
0.396585 	-1.407125 	33.543206 	0.010757 	
0.064885 	-0.497408 	31.858909 	0.011213 	
0.638981 	-3.349192 	34.993796 	0.000013 	
0.337865 	-1.356979 	39.170049 	0.011903 	
0.270651 	-0.468478 	40.847749 	0.009858 	
0.564907 	-1.908592 	27.290524 	0.004170 	
0.208941 	-0.871631 	42.528529 	0.014087 	
0.350236 	-1.409658 	39.244198 	0.011272 	
0.398685 	-0.946027 	55.522354 	0.013436 	
0.692338 	-1.555990 	41.219049 	0.009770 	
0.506678 	-1.522631 	53.122437 	0.008916 	
0.353871 	-1.484519 	48.131959 	0.010498 	
0.274825 	-1.709030 	44.711661 	0.009762 	
0.485490 	-1.077264 	38.479739 	0.013689 	
0.344882 	-1.117741 	40.137494 	0.013158 	
0.332301 	-0.759846 	43.096425 	0.012649 	
0.121474 	-0.561802 	44.945074 	0.011493 	
0.334242 	-1.154996 	28.678676 	0.013126 	
0.444029 	-1.722255 	38.398632 	0.006786 	
0.633552 	-1.136853 	48.093885 	0.016432 	
0.335191 	-1.808059 	50.153161 	0.007230 	
0.425595 	-1.208439 	38.837200 	0.012380 	
0.443760 	-1.677673 	34.263021 	0.007305 	
0.339413 	-1.113814 	42.628457 	0.013210 	
0.715521 	-2.125778 	52.803354 	0.002235 	
0.518625 	-1.573814 	49.654323 	0.008240 	
0.168334 	-0.724634 	30.743469 	0.013161 	
0.471093 	-0.945078 	50.634038 	0.014190 	
0.234018 	-0.432766 	42.168120 	0.009325 	
0.469344 	-2.079887 	31.016229 	0.003085 	
0.575073 	-1.580662 	48.894778 	0.008226 	
0.286116 	-2.043478 	56.225633 	0.005571 	
0.576267 	-1.542175 	36.456923 	0.008792 	
0.601586 	-2.191539 	42.259562 	0.001876 	
0.209645 	-0.632101 	36.896789 	0.011663 	
0.445552 	-0.491341 	56.208553 	0.012472 	
0.307974 	-1.040099 	36.885280 	0.013566 	
0.393020 	-1.530363 	43.114095 	0.009492 	
0.315347 	-0.805654 	45.821166 	0.012866 	
0.226066 	-1.292376 	41.609330 	0.014821 	
0.490049 	-2.218861 	47.107011 	0.002045 	
0.416087 	-1.577757 	35.995895 	0.008715 	
0.589160 	-1.751030 	35.779531 	0.005930 	
0.478292 	-0.824045 	35.086419 	0.014562 	
0.520875 	-1.927183 	50.864867 	0.004130 	
0.394914 	-2.687415 	48.619820 	0.000621 	
0.564503 	-1.065585 	48.747250 	0.015267 	
0.339129 	-1.238680 	24.323312 	0.012691 	
0.232661 	-0.713211 	51.783591 	0.012399 	
0.538830 	-2.771831 	35.243360 	0.000270 	
0.279003 	-0.761344 	38.585519 	0.012622 	
0.337007 	-1.552750 	48.213871 	0.010072 	
0.416864 	-1.011088 	30.839678 	0.013418 	
0.287430 	-1.784937 	52.262034 	0.008528 	
0.129765 	-0.920880 	47.902008 	0.016455 	
0.111909 	-0.497399 	31.435567 	0.010607 	
0.317599 	-1.068273 	54.029765 	0.013471 	
0.371893 	-0.862900 	43.359307 	0.013232 	
0.160942 	-0.606817 	54.463619 	0.011712 	
0.460682 	-1.474710 	19.611280 	0.009613 	
0.162550 	-0.852411 	33.007848 	0.014774 	
0.313965 	-0.653882 	27.652169 	0.011842 	
0.087489 	-0.651740 	44.245761 	0.013532 	
0.597794 	-1.971811 	51.999603 	0.003507 	
0.559949 	-1.657456 	40.740068 	0.007130 	
0.189065 	-0.570692 	38.485440 	0.011034 	
0.550361 	-1.769122 	45.078032 	0.005729 	
0.451811 	-2.033589 	21.443355 	0.003571 	
0.494910 	-2.567120 	17.893309 	0.000627 	
0.180549 	-0.889644 	46.512714 	0.014192 	
0.440595 	-1.186840 	34.347557 	0.011865 	
0.332190 	-0.953829 	27.649580 	0.012445 	
0.081390 	-0.336510 	31.709027 	0.009124 	
0.459379 	-1.364380 	38.584628 	0.009834 	
0.596487 	-2.314977 	39.416120 	0.001124 	
0.292717 	-1.475907 	41.143721 	0.010083 	
0.286753 	-1.286597 	34.314735 	0.011508 	
0.499536 	-1.388087 	40.065600 	0.010020 	
0.458528 	-1.302691 	37.705408 	0.010650 	
0.495935 	-2.422619 	37.235972 	0.000961 	
0.332179 	-1.143288 	35.808796 	0.011654 	
0.285353 	-1.094122 	31.614972 	0.012312 	
0.600103 	-1.879268 	33.332512 	0.004122 	
0.586879 	-1.803415 	34.866018 	0.004926 	
0.488007 	-1.145541 	41.436270 	0.013586 	
0.255719 	-0.939357 	25.647883 	0.012768 	
0.416340 	-1.442635 	42.087144 	0.008707 	
0.216067 	-0.736467 	36.329595 	0.012283 	
0.493521 	-2.253488 	32.606628 	0.001554 	
0.475720 	-2.466716 	43.981257 	0.000906 	
0.258770 	-1.005621 	38.377604 	0.012805 	
0.165237 	-0.462109 	46.594072 	0.009993 	
0.363372 	-1.492114 	41.881531 	0.008554 	
0.121978 	-0.450900 	33.752964 	0.010258 	
0.460166 	-1.695451 	37.398220 	0.005790 	
0.303728 	-0.774402 	42.002876 	0.012333 	
0.490089 	-1.829678 	25.518909 	0.004373 	
0.329607 	-1.599088 	40.091546 	0.008129 	
0.226323 	-0.993758 	20.614991 	0.013450 	
0.128278 	-0.677478 	42.128834 	0.013409 	
0.560958 	-1.724513 	38.085834 	0.005737 	
0.390017 	-1.655659 	18.573978 	0.006645 	
0.347918 	-1.059765 	24.683527 	0.012082 	
0.310222 	-1.064352 	36.119120 	0.012140 	
0.039770 	-0.368530 	39.351596 	0.010506 	
0.489536 	-1.994559 	42.535945 	0.003014 	
0.363489 	-0.732672 	42.051690 	0.013270 	
0.334010 	-1.130552 	34.743811 	0.011716 	
0.268008 	-1.270644 	44.694862 	0.012068 	
0.461789 	-1.763676 	41.202144 	0.005085 	
0.330882 	-1.263993 	21.215530 	0.010896 	
0.251895 	-1.083401 	35.863264 	0.012945 	
0.212259 	-0.997364 	43.699699 	0.013846 	
0.366509 	-0.766411 	45.735579 	0.013309 	
0.259393 	-1.552043 	39.808653 	0.010655 	
0.584768 	-1.534065 	47.281825 	0.009194 	
0.383601 	-0.881262 	33.493649 	0.013364 	
0.217307 	-0.891154 	45.873614 	0.013242 	
0.437715 	-1.526779 	39.857291 	0.007720 	
0.480488 	-1.218439 	29.873219 	0.012255 	
0.534063 	-2.074014 	32.929915 	0.002370 	
0.418871 	-1.783216 	47.260952 	0.005155 	
0.041901 	-0.759369 	39.368222 	0.019824 	
0.152267 	-0.586832 	33.087614 	0.011636 	
0.265738 	-0.590146 	28.094872 	0.011256 	
0.193809 	-0.723281 	37.331374 	0.012462 	
0.526365 	-0.996795 	37.955029 	0.018070 	
0.153574 	-1.081742 	35.155843 	0.016964 	
0.218846 	-0.730976 	39.495050 	0.012215 	
0.236296 	-1.212730 	40.466639 	0.013259 	
0.345110 	-1.152710 	28.802315 	0.011543 	
0.362499 	-1.668449 	46.081685 	0.006887 	
0.528041 	-1.444694 	36.581761 	0.009603 	
0.539052 	-1.999742 	32.710063 	0.002876 	
0.378981 	-1.737134 	38.834008 	0.006010 	
0.359822 	-1.765423 	38.053571 	0.006046 	
0.539247 	-1.321111 	33.770384 	0.012143 	
0.486245 	-1.228015 	40.483327 	0.012252 	
0.361907 	-1.102218 	37.514003 	0.011871 	
0.342017 	-1.347190 	44.913545 	0.010124 	
0.283919 	-0.627221 	43.448497 	0.011635 	
0.552950 	-2.420935 	33.605221 	0.000841 	
0.189408 	-0.956411 	31.961211 	0.014375 	
0.550328 	-0.888092 	39.698730 	0.022457 	
0.135639 	-0.712169 	29.203599 	0.013672 	
0.114213 	-0.818400 	29.035723 	0.016123 	
0.379086 	-0.836549 	43.015930 	0.013438 	
0.365780 	-1.255505 	42.187922 	0.010707 	
0.172219 	-0.691675 	46.419344 	0.012516 	
0.264670 	-0.918528 	35.190132 	0.012629 	
0.344316 	-0.974100 	34.876878 	0.012447 	
0.468718 	-1.336203 	29.752951 	0.010327 	
0.590780 	-2.158926 	37.936845 	0.001834 	
0.461282 	-1.738406 	46.870119 	0.005339 	
0.406590 	-1.563981 	40.362922 	0.007427 	
0.180706 	-0.618920 	30.567291 	0.011615 	
0.381951 	-1.201670 	32.398298 	0.011163 	
0.469138 	-1.126887 	44.804783 	0.013277 	
0.109125 	-0.499892 	42.200643 	0.011197 	
0.428985 	-1.054853 	38.591058 	0.013106 	
0.391079 	-1.293222 	27.277581 	0.010318 	
0.252087 	-0.899912 	29.760836 	0.012720 	
0.541198 	-1.693624 	45.104626 	0.005995 	
0.513077 	-1.163121 	38.608677 	0.014206 	
0.405985 	-1.326444 	38.706369 	0.009987 	
0.522871 	-2.244922 	36.243524 	0.001502 	
0.476455 	-3.249877 	34.799743 	0.000062 	
0.340499 	-0.955872 	40.630606 	0.012485 	
0.218812 	-0.833254 	32.999696 	0.010846 	
0.406751 	-1.813662 	33.629147 	0.006397 	
0.206184 	-1.035520 	40.770083 	0.012404 	
0.004504 	-0.609982 	39.410667 	0.015567 	
0.446447 	-1.373039 	30.177559 	0.009076 	
0.271026 	-0.845424 	29.021793 	0.010740 	
0.275743 	-1.432467 	40.351251 	0.011641 	
0.459981 	-1.909369 	32.248912 	0.004956 	
0.082404 	-0.794791 	39.881879 	0.014972 	
0.404141 	-2.316295 	38.918161 	0.004206 	
0.265777 	-0.814796 	36.880219 	0.010708 	
0.543348 	-0.912729 	37.273520 	0.025875 	
0.415694 	-1.086125 	38.307308 	0.011556 	
0.286377 	-1.088456 	40.724086 	0.010751 	
0.372495 	-1.596639 	33.195624 	0.008163 	
0.319710 	-0.826579 	40.322701 	0.011371 	
0.491075 	-2.025266 	38.329798 	0.003917 	
0.500441 	-1.869277 	22.271912 	0.004837 	
0.147977 	-0.657994 	29.399552 	0.010482 	
0.504426 	-1.714702 	31.391543 	0.006047 	
0.373582 	-1.096686 	30.286816 	0.010701 	
0.410268 	-1.197460 	23.494552 	0.010350 	
0.419356 	-1.804299 	40.088387 	0.006193 	
0.231343 	-0.933220 	40.230179 	0.011139 	
0.307809 	-1.074089 	23.285073 	0.010577 	
0.432345 	-1.827769 	34.118821 	0.005837 	
0.483684 	-1.838956 	32.118650 	0.005164 	
0.321131 	-1.254608 	35.830707 	0.010165 	
0.164207 	-1.064734 	35.302712 	0.014805 	
0.007083 	-0.500225 	35.025146 	0.012318 	
0.560721 	-2.172986 	39.146862 	0.002609 	
0.357642 	-1.512767 	34.644667 	0.008809 	
0.404322 	-1.821762 	37.583549 	0.006411 	
0.498744 	-1.694589 	34.103500 	0.006227 	
0.288800 	-0.796819 	33.640945 	0.010941 	
0.199467 	-1.136847 	34.768387 	0.013646 	
0.460986 	-1.508128 	38.631569 	0.007880 	
0.361351 	-1.024174 	41.482347 	0.011022 	
0.603716 	-1.244934 	38.082717 	0.018713 	
0.530424 	-1.896195 	40.450008 	0.004507 	
0.544940 	-2.160594 	32.775611 	0.002752 	
0.384836 	-1.725937 	30.030349 	0.007322 	
0.120800 	-0.583734 	11.534067 	0.010149 	
0.115308 	-0.777485 	27.903205 	0.012857 	
0.575496 	-2.206154 	24.545453 	0.002378 	
0.435556 	-1.620922 	39.322297 	0.007082 	
0.410826 	-0.983096 	31.493226 	0.012608 	
0.394150 	-1.014138 	35.448925 	0.011756 	
0.309437 	-1.299461 	26.155957 	0.010335 	
0.084009 	-0.687804 	37.869742 	0.012667 	
0.310728 	-1.116982 	26.531687 	0.010497 	
0.215547 	-0.521167 	34.239616 	0.009829 	
0.137762 	-0.929489 	21.798246 	0.014244 	
0.342574 	-0.781634 	32.999090 	0.012239 	
0.278154 	-1.130179 	22.950973 	0.010913 	
0.385045 	-1.054921 	20.881887 	0.011186 	
0.443594 	-1.119725 	35.585003 	0.011930 	
0.201112 	-0.824872 	21.550983 	0.011012 	
0.393346 	-1.297634 	39.400999 	0.009470 	
0.571665 	-1.529644 	37.328020 	0.009084 	
0.407460 	-1.325245 	37.152489 	0.009294 	
0.491538 	-1.509717 	36.172959 	0.008019 	
0.357003 	-1.917124 	26.604399 	0.007512 	
0.497895 	-1.382294 	27.097838 	0.009675 	
0.165962 	-0.848707 	33.857859 	0.011972 	
0.324954 	-1.097568 	29.195123 	0.010470 	
0.636056 	-2.122338 	41.309885 	0.002817 	
0.368026 	-1.187888 	28.713956 	0.010103 	
0.084333 	-0.563942 	36.611765 	0.010642 	
0.353127 	-1.140331 	24.414672 	0.010314 	
0.480930 	-2.084990 	34.175768 	0.003701 	
0.359929 	-1.414984 	22.918508 	0.009118 	
0.519411 	-1.199634 	33.249567 	0.013662 	
0.104568 	-0.816758 	41.065101 	0.014081 	
0.499605 	-1.278317 	31.329564 	0.011301 	
0.367098 	-1.094219 	35.353218 	0.010648 	
0.216084 	-0.521671 	38.058381 	0.009838 	
0.536494 	-1.725594 	35.999628 	0.006002 	
0.442401 	-2.043567 	38.750015 	0.004497 	
0.391758 	-1.280637 	38.022665 	0.009581 	
0.263439 	-1.265534 	33.518159 	0.011641 	
0.359321 	-0.880551 	31.422695 	0.011999 	
0.189667 	-0.817488 	40.334680 	0.011144 	
0.167957 	-0.783357 	30.491493 	0.011281 	
0.563518 	-1.231145 	41.337905 	0.015625 	
0.022192 	-0.650652 	33.132761 	0.015446 	
0.170003 	-0.631084 	40.646504 	0.010053 	
0.237308 	-0.787371 	19.972182 	0.010594 	
0.357546 	-1.364308 	40.250646 	0.009345 	
0.207560 	-0.794880 	30.553151 	0.010764 	
0.370604 	-1.768086 	18.573938 	0.007541 	
0.473807 	-1.508206 	25.785966 	0.007922 	
0.302668 	-0.937590 	22.025369 	0.010807 	
0.181298 	-0.844707 	41.515699 	0.011529 	
0.394519 	-1.386054 	33.806842 	0.008907 	
0.147697 	-0.805896 	34.472701 	0.012052 	
0.488121 	-1.101527 	37.825355 	0.014106 	
0.491958 	-1.200826 	38.876952 	0.012368 	
0.223361 	-0.642115 	32.075225 	0.010179 	
0.297835 	-1.289069 	34.698222 	0.010616 	
0.262073 	-1.061157 	17.516616 	0.011619 	
0.520127 	-1.706532 	34.390678 	0.006184 	
0.059271 	-0.566303 	25.028724 	0.010835 	
0.585012 	-1.432352 	33.748194 	0.011800 	
0.520096 	-1.964675 	29.646294 	0.003843 	
0.005965 	-0.643376 	34.423741 	0.014209 	
0.466807 	-1.859090 	34.987484 	0.005027 	
0.333947 	-1.425559 	33.299245 	0.009881 	
0.459786 	-0.906027 	25.511093 	0.018463 	
0.443017 	-1.251057 	34.966464 	0.011095 	
0.121806 	-0.777261 	29.974519 	0.012308 	
0.322046 	-1.154337 	22.520353 	0.011026 	
0.307975 	-0.674846 	29.694619 	0.013386 	
0.283525 	-0.941980 	26.952262 	0.011615 	
0.453069 	-1.276600 	35.343768 	0.010936 	
0.244165 	-0.696567 	34.007514 	0.011512 	
0.291836 	-0.713924 	34.769451 	0.012568 	
0.190374 	-0.732529 	15.668040 	0.011128 	
0.503364 	-1.823876 	37.928140 	0.005063 	
0.292186 	-1.023415 	35.146711 	0.011470 	
0.240689 	-0.844150 	20.255904 	0.011496 	
0.427979 	-1.743303 	34.522419 	0.006348 	
0.334515 	-1.115049 	34.259329 	0.011196 	
0.330696 	-0.865815 	28.279587 	0.012683 	
0.356318 	-0.974974 	33.426697 	0.012415 	
0.172074 	-0.954399 	25.361191 	0.012898 	
0.443805 	-1.281356 	29.637489 	0.010715 	
0.483496 	-2.081372 	35.682297 	0.003337 	
0.095424 	-0.729588 	29.023374 	0.012362 	
0.288156 	-0.671115 	35.815688 	0.012683 	
0.496390 	-2.228601 	35.311596 	0.002411 	
0.566821 	-2.355292 	24.925737 	0.001443 	
0.454288 	-1.885454 	19.482254 	0.004968 	
0.369421 	-0.898827 	32.697484 	0.013557 	
0.286939 	-1.164385 	33.925583 	0.011307 	
0.300396 	-1.269465 	34.981076 	0.010967 	
0.463497 	-1.191940 	30.244408 	0.012481 	
0.591697 	-2.168416 	36.636107 	0.002247 	
0.260497 	-1.356194 	34.684988 	0.012179 	
0.359567 	-0.837709 	36.645720 	0.013890 	
0.612498 	-1.850439 	21.482863 	0.004996 	
0.127086 	-0.846940 	26.164621 	0.013060 	
0.291639 	-1.133995 	31.507649 	0.011284 	
0.071124 	-0.601322 	28.916798 	0.011100 	
0.210490 	-0.880522 	30.010098 	0.011681 	
0.435571 	-1.288791 	32.097550 	0.010507 	
0.347706 	-1.361180 	30.544276 	0.009923 	
0.447773 	-1.287907 	27.909749 	0.010694 	
0.255099 	-0.595062 	35.495808 	0.011961 	
0.467943 	-1.151471 	35.905694 	0.013355 	
0.485915 	-1.327758 	26.880217 	0.010845 	
0.603097 	-1.205524 	32.648062 	0.020879 	
0.162544 	-0.965319 	36.601256 	0.013318 	
0.256509 	-1.153121 	27.765497 	0.011846 	
0.167406 	-0.861570 	34.973733 	0.012172 	
0.517136 	-1.156844 	36.523766 	0.015611 	
0.378349 	-0.858908 	30.856385 	0.014416 	
0.588941 	-1.717950 	31.452358 	0.006505 	
0.428588 	-1.975959 	35.470992 	0.004736 	
0.654939 	-1.988040 	31.856961 	0.003753 	
0.224200 	-1.104436 	37.836506 	0.012487 	
0.212188 	-0.942780 	36.615160 	0.011941 	
0.323101 	-1.197365 	36.728025 	0.010861 	
0.306951 	-1.224430 	30.044200 	0.010945 	
0.260540 	-0.932117 	25.117795 	0.011568 	
0.376531 	-1.302661 	36.144111 	0.010057 	
0.639739 	-2.593434 	37.779905 	0.000603 	
0.141129 	-0.761397 	36.249975 	0.011732 	
0.268275 	-0.518030 	31.879359 	0.012767 	
0.251814 	-0.720349 	29.828467 	0.011618 	
0.263497 	-1.094544 	31.666931 	0.011632 	
0.546934 	-2.486173 	16.556945 	0.001101 	
0.483224 	-1.697987 	25.524025 	0.006286 	
0.479092 	-2.392899 	23.065801 	0.001867 	
0.339000 	-1.255761 	28.804102 	0.010506 	
0.371361 	-1.047007 	21.827584 	0.012075 	
0.543252 	-1.508746 	29.401927 	0.009055 	
0.199217 	-0.700665 	37.604461 	0.011028 	
0.026419 	-0.372829 	34.772796 	0.008736 	
0.276945 	-1.267997 	38.074722 	0.011497 	
0.569585 	-2.408058 	35.940752 	0.001247 	
0.349305 	-0.826516 	29.226069 	0.013617 	
0.221423 	-0.898279 	29.903777 	0.011659 	
0.283001 	-1.046728 	35.509478 	0.011453 	
0.586770 	-1.612081 	29.010073 	0.008130 	
0.389885 	-1.759174 	33.951197 	0.006904 	
0.428434 	-1.099970 	22.672394 	0.012854 	
0.093758 	-0.562248 	31.751744 	0.010304 	
0.389820 	-1.531673 	29.309552 	0.008377 	
0.440042 	-1.586204 	17.403302 	0.007496 	
0.374186 	-1.105607 	36.950006 	0.011592 	
0.443186 	-1.087952 	31.722337 	0.013551 	
0.330312 	-1.212683 	37.988379 	0.010754 	
0.444987 	-1.538127 	26.318093 	0.007916 	
0.473841 	-1.471129 	32.678965 	0.008696 	
0.370159 	-2.053676 	38.083557 	0.005714 	
0.317546 	-0.898820 	25.976411 	0.012175 	
0.399637 	-1.836014 	27.163342 	0.006204 	
0.585403 	-2.052676 	24.831395 	0.003013 	
0.253232 	-1.092917 	31.586830 	0.011791 	
0.467825 	-1.031312 	34.358921 	0.015700 	
0.429644 	-1.658918 	23.788583 	0.007397 	
0.298608 	-1.168079 	32.017663 	0.011172 	
0.288338 	-1.345276 	33.584664 	0.011876 	
0.254552 	-0.969792 	22.559801 	0.011509 	
0.514771 	-2.173578 	27.439459 	0.003119 	
0.142009 	-0.775616 	20.933510 	0.012547 	
0.320226 	-1.291387 	27.455447 	0.010756 	
0.304187 	-1.435264 	30.392318 	0.011476 	
0.527555 	-2.031364 	19.258062 	0.003821 	
0.515675 	-2.453031 	21.709925 	0.001834 	
0.102128 	-0.673034 	28.608509 	0.012426 	
0.145131 	-0.734299 	31.802632 	0.011944 	
0.169807 	-0.641588 	29.214624 	0.010734 	
0.144968 	-0.543004 	34.202520 	0.010184 	
0.161728 	-0.831110 	29.849434 	0.012591 	
0.272676 	-0.682581 	27.466689 	0.011589 	
0.172010 	-0.550198 	21.538622 	0.010210 	
0.015656 	-0.481708 	21.837689 	0.012216 	
0.353246 	-1.416262 	31.268962 	0.009857 	
0.411982 	-0.832005 	32.938912 	0.016239 	
0.318100 	-1.568766 	30.584977 	0.011122 	
0.232232 	-0.972827 	31.874626 	0.011904 	
0.374541 	-1.558139 	23.642836 	0.008972 	
0.273967 	-0.704680 	21.172398 	0.011557 	
0.451790 	-1.416920 	24.339781 	0.009119 	
0.397703 	-1.531572 	19.035397 	0.008588 	
0.329847 	-1.092295 	32.335813 	0.010986 	
0.413876 	-1.425492 	34.653584 	0.009027 	
0.634203 	-1.739979 	33.322294 	0.007273 	
0.231246 	-0.839063 	34.931792 	0.011326 	
0.402215 	-1.493061 	24.598573 	0.008718 	
0.342822 	-1.154146 	32.044759 	0.010752 	
0.423077 	-1.024336 	33.839458 	0.013380 	
0.320603 	-1.069530 	30.185139 	0.011060 	
0.386524 	-1.131458 	31.790839 	0.011135 	
0.553477 	-2.088741 	30.921791 	0.003276 	
0.449127 	-1.347984 	31.770901 	0.009812 	
0.265585 	-0.914648 	32.580605 	0.011315 	
0.320105 	-1.275021 	26.531810 	0.010764 	
0.082608 	-0.546210 	29.133649 	0.011094 	
0.195994 	-0.643663 	31.371047 	0.010680 	
0.489461 	-2.087629 	22.161432 	0.003916 	
0.251299 	-0.651790 	31.207579 	0.011217 	
0.147955 	-0.513063 	28.175476 	0.009974 	
0.177155 	-0.883542 	33.999651 	0.012681 	
0.366441 	-1.094570 	28.279306 	0.011168 	
0.413859 	-1.180160 	25.268896 	0.011104 	
0.464131 	-1.497770 	19.445230 	0.008383 	
0.523131 	-1.687482 	33.901144 	0.006631 	
0.495724 	-1.825339 	25.917991 	0.005512 	
0.358348 	-1.069429 	29.221303 	0.011246 	
0.522071 	-2.172672 	26.613040 	0.003046 	
0.435402 	-1.251361 	22.225636 	0.010696 	
0.396850 	-1.059316 	24.548585 	0.012031 	
0.389232 	-1.285017 	32.785014 	0.010023 	
0.428937 	-1.382766 	33.501997 	0.009337 	
0.283672 	-0.954109 	30.431777 	0.011282 	
0.538742 	-1.660645 	32.670063 	0.007009 	
0.211010 	-0.649194 	31.719454 	0.010749 	
0.422042 	-1.103384 	34.635048 	0.012203 	
0.499800 	-1.738386 	33.661494 	0.006172 	
0.320946 	-1.095314 	27.329250 	0.010995 	
0.103370 	-0.636261 	25.274250 	0.011825 	
0.096766 	-0.550401 	26.976398 	0.010831 	
0.370180 	-1.175359 	24.335521 	0.010674 	
0.330475 	-1.108577 	33.708929 	0.010934 	
0.389611 	-1.313742 	29.024602 	0.009842 	
0.422372 	-1.996952 	30.112649 	0.005843 	
0.269446 	-1.015745 	23.413192 	0.011428 	
0.464513 	-1.477761 	33.534049 	0.008579 	
0.167010 	-0.950948 	28.753315 	0.013962 	
0.279309 	-0.844791 	33.759680 	0.011358 	
0.126907 	-0.933634 	27.796694 	0.016143 	
0.496738 	-1.365808 	31.276789 	0.010414 	
0.266335 	-0.711087 	32.767269 	0.011399 	
0.365742 	-1.482066 	20.168523 	0.009409 	
0.520208 	-1.651063 	35.068094 	0.007006 	
0.400565 	-1.245299 	34.477693 	0.010346 	
0.470735 	-2.505291 	33.041914 	0.002219 	
0.395053 	-1.338598 	24.917801 	0.009672 	
0.248787 	-1.073514 	31.882121 	0.012031 	
0.363436 	-1.068338 	24.903052 	0.011313 	
0.366813 	-0.944201 	29.300355 	0.012395 	
0.483295 	-2.041388 	32.839739 	0.004270 	
0.416757 	-1.388838 	24.247322 	0.009280 	
0.366058 	-1.480061 	22.538239 	0.009407 	
0.133576 	-0.617242 	22.234530 	0.010926 	
0.428738 	-1.726623 	26.780946 	0.007031 	
0.161385 	-0.758701 	24.694659 	0.011812 	
0.147181 	-0.790248 	30.376105 	0.012566 	
0.325751 	-0.850878 	31.720270 	0.012059 	
0.282334 	-0.949489 	31.332235 	0.011286 	
0.618838 	-1.976625 	27.588829 	0.004032 	
0.395464 	-2.075466 	34.581372 	0.006462 	
0.216438 	-0.929129 	25.568459 	0.011988 	
0.317792 	-1.116760 	29.838648 	0.010966 	
0.200146 	-0.842694 	29.710750 	0.011732 	
0.281355 	-1.013733 	33.546158 	0.011301 	
0.441833 	-1.250186 	24.037124 	0.010826 	
0.476147 	-1.862054 	28.625055 	0.004641 	
0.361732 	-1.635288 	31.040892 	0.008629 	
0.417589 	-1.393007 	15.074352 	0.008244 	
0.470445 	-2.062182 	16.674102 	0.003942 	
0.077568 	-0.506640 	29.489709 	0.009434 	
0.167418 	-0.820270 	29.735185 	0.011272 	
0.494627 	-1.671686 	27.295119 	0.005894 	
0.507120 	-2.032438 	21.274054 	0.003403 	
0.457613 	-1.484283 	26.401644 	0.007647 	
0.273143 	-1.184966 	28.762363 	0.010854 	
0.347721 	-1.062209 	22.738658 	0.010431 	
0.401580 	-1.243836 	30.785515 	0.009643 	
0.080185 	-0.685357 	30.643036 	0.013566 	
0.219845 	-0.728197 	30.202197 	0.009794 	
0.128854 	-0.669525 	30.814791 	0.010421 	
0.312345 	-0.780678 	28.220106 	0.012407 	
0.483011 	-2.081077 	26.596414 	0.003600 	
0.286828 	-1.242084 	27.347108 	0.010645 	
0.346930 	-1.907311 	28.958508 	0.011270 	
0.412232 	-1.542422 	27.674901 	0.007203 	
0.434942 	-1.022426 	28.232572 	0.017240 	
0.520782 	-1.994992 	31.073384 	0.003441 	
0.394706 	-1.485543 	22.134151 	0.007717 	
0.238565 	-0.803301 	22.140660 	0.009997 	
0.369149 	-1.131063 	27.485404 	0.010224 	
0.376334 	-1.394652 	16.311638 	0.008352 	
0.159727 	-0.792384 	30.151541 	0.011166 	
0.067116 	-0.714228 	30.031520 	0.016011 	
0.533948 	-1.529938 	26.436067 	0.008998 	
0.298026 	-0.715999 	28.928000 	0.012465 	
0.581351 	-1.367252 	28.378281 	0.022058 	
0.379979 	-0.993952 	31.026752 	0.012847 	
0.077236 	-0.881712 	27.882375 	0.023943 	
0.418649 	-1.450712 	32.378187 	0.007747 	
0.182463 	-0.687042 	27.806665 	0.009595 	
0.495094 	-0.994887 	30.172691 	0.033215 	
0.613232 	-2.901286 	25.463173 	0.000300 	
0.192578 	-1.015939 	20.367318 	0.013248 	
0.073729 	-0.694822 	31.436672 	0.014495 	
0.545844 	-2.473177 	29.638941 	0.001389 	
0.282587 	-1.106616 	29.821684 	0.010188 	
0.543032 	-2.301270 	30.911307 	0.001931 	
0.337201 	-0.855541 	29.434882 	0.012746 	
0.311271 	-1.045587 	24.087879 	0.010015 	
0.202751 	-0.566442 	26.155084 	0.009492 	
0.430096 	-1.174135 	24.350727 	0.011984 	
0.472160 	-1.913592 	31.561848 	0.004466 	
0.278277 	-0.862145 	29.184264 	0.010367 	
0.519124 	-1.676909 	28.634751 	0.006039 	
0.424063 	-1.580384 	28.370003 	0.006852 	
0.442124 	-0.986536 	24.325724 	0.020034 	
0.544316 	-1.503971 	31.016051 	0.010254 	
0.273684 	-1.089081 	32.463229 	0.010328 	
0.076407 	-0.671955 	29.434724 	0.013454 	
0.390411 	-1.082551 	30.165929 	0.011701 	
0.281219 	-0.881908 	28.331695 	0.010337 	
0.474309 	-1.531115 	27.534063 	0.007290 	
0.219401 	-0.625489 	25.049497 	0.009813 	
0.121643 	-0.955407 	28.643269 	0.019447 	
0.211803 	-0.861143 	28.230385 	0.010394 	
0.429406 	-1.803802 	27.206273 	0.005845 	
0.322167 	-1.200015 	31.842280 	0.009583 	
0.544898 	-2.675906 	18.330676 	0.000923 	
0.337149 	-0.862555 	30.417185 	0.012621 	
0.513376 	-2.563419 	30.431959 	0.001518 	
0.542694 	-1.462803 	25.294119 	0.011442 	
0.305801 	-0.962900 	22.544072 	0.010350 	
0.248584 	-0.869652 	30.281487 	0.010084 	
0.400698 	-1.308287 	30.674078 	0.008913 	
0.194537 	-0.819749 	31.480413 	0.010418 	
0.383620 	-1.127756 	24.729835 	0.010684 	
0.329423 	-1.044171 	22.400941 	0.010218 	
0.334595 	-0.760535 	28.875683 	0.014480 	
0.385835 	-1.541466 	27.961358 	0.007713 	
0.420513 	-1.423509 	32.538595 	0.007979 	
0.242426 	-1.061881 	30.025826 	0.011127 	
0.093968 	-0.744004 	26.399915 	0.014264 	
0.549671 	-2.057979 	31.683826 	0.002903 	
0.406031 	-1.812245 	26.241185 	0.006633 	
0.515414 	-1.533789 	29.354239 	0.008180 	
0.542686 	-1.244201 	22.073960 	0.023255 	
0.227951 	-0.875751 	28.471615 	0.010226 	
0.116080 	-0.691184 	28.128754 	0.011332 	
0.384023 	-1.252725 	25.771250 	0.009256 	
0.481920 	-1.805660 	19.632592 	0.004883 	
0.088144 	-0.619985 	23.933004 	0.011234 	
0.444841 	-1.829023 	20.306111 	0.005367 	
0.438982 	-1.407715 	29.617430 	0.008315 	
0.288337 	-1.387049 	27.608377 	0.011773 	
0.309323 	-1.055791 	32.380766 	0.009970 	
0.232976 	-1.003213 	31.642454 	0.010959 	
0.375155 	-1.609376 	21.429159 	0.007985 	
0.086327 	-0.673844 	30.256527 	0.012724 	
0.420492 	-1.499344 	32.267052 	0.007383 	
0.049756 	-0.552276 	20.648563 	0.011803 	
0.317684 	-1.219007 	29.688646 	0.009643 	
0.101955 	-0.583308 	20.686119 	0.009938 	
0.176215 	-0.671916 	29.971870 	0.009535 	
0.431603 	-1.764598 	27.392977 	0.005910 	
0.447445 	-1.434906 	24.157736 	0.008108 	
